{
  "villes": [
    "Algiers",
    "Oran",
    "Constantine",
    "Blida",
    "Batna",
    "Sétif",
    "Djelfa",
    "Annaba",
    "Sidi Bel Abbès",
    "Biskra",
    "Tébessa",
    "Tiaret",
    "Bejaïa",
    "Tlemcen",
    "Bordj Bou Arreridj",
    "Béchar",
    "Skikda",
    "Souk Ahras",
    "Chlef",
    "M’Sila",
    "Mostaganem",
    "Médéa",
    "Tizi Ouzou",
    "El Oued",
    "Laghouat",
    "Ouargla",
    "Jijel",
    "Relizane",
    "Saïda",
    "Guelma",
    "Ghardaïa",
    "Mascara",
    "Khenchela",
    "Oum el Bouaghi",
    "El Bayadh",
    "Tamanrasset",
    "Tissemsilt",
    "Bouira",
    "Adrar",
    "Tindouf",
    "Boumerdes",
    "El Tarf",
    "Tipasa",
    "Illizi",
    "Naama",
    "Aïn Temouchent",
    "Aïn Defla",
    "Mila"
  ],
  "distances" : [[0, 352.157, 320.829, 39.3499, 310.539, 220.098, 235.223, 419.17, 375.54, 322.544, 479.511, 221.534, 178.677,
     447.056, 172, 748.657, 342.056, 440.47, 168.73, 178.511, 281.849, 62.9487, 88.5534, 513.481, 331.426, 575.251,
     241.169, 252.403, 339.895, 391.291, 480.599, 304.148, 396.05, 377.07, 390.639, 1573.67, 171.592, 86.6271, 1038.58,
     1457.88, 36.9431, 468.006, 58.5125, 1251.32, 496.268, 411.412, 113.961, 288.244],
    [352.157, 0, 655.807, 323.185, 614.702, 546.684, 371, 764.291, 55.2528, 585.454, 792.028, 180.213, 524.243, 109.745,
     488.156, 474.528, 687.454, 774.823, 184.39, 467.239, 70.3255, 310.931, 435.136, 733.991, 382.887, 689.441, 587.143,
     107.427, 119.843, 728.995, 533.244, 76.7949, 703.067, 698.998, 270.107, 1554.05, 221.017, 413.874, 870.433, 1138.7,
     386.736, 810.919, 293.661, 1339.21, 271.711, 63.3277, 241.387, 625.185],
    [320.829, 655.807, 0, 338.543, 99.1896, 109.729, 358.294, 118.766, 666.349, 186.352, 172.695, 490.074, 144.987,
     735.347, 169.07, 967.383, 61.3229, 120.04, 474.114, 200.272, 587.664, 346.41, 232.46, 334.015, 444.637, 505.228,
     91.0932, 549.058, 608.619, 73.3761, 509.256, 593.58, 115.331, 71.0049, 590.217, 1513.68, 440.332, 243.722, 1145.8,
     1689.55, 284.005, 158.168, 373.825, 1110.21, 719.689, 708.733, 417.35, 32.8716],
    [39.3499, 323.185, 338.543, 0, 316.855, 232.935, 204.269, 442.422, 342.995, 318.061, 490.312, 183.74, 201.516,
     414.37, 179.095, 710.06, 365.318, 458.577, 138.81, 175.591, 253.3, 23.9524, 111.951, 504.29, 297.149, 552.21,
     264.545, 220.319, 303.357, 410.637, 450.07, 270.733, 404.452, 390.08, 351.313, 1543.78, 133.065, 95.3407, 1000.15,
     1420.61, 65.4025, 490.127, 37.4176, 1230.02, 457.373, 380.726, 81.8779, 306.645],
    [310.539, 614.702, 99.1896, 316.855, 0, 98.556, 282.898, 207.677, 617.634, 87.2309, 177.363, 439.704, 166.238,
     683.689, 138.704, 888.473, 160.512, 180.344, 441.014, 147.868, 549.973, 317.871, 230.167, 250.956, 359.166,
     407.937, 145.773, 507.378, 552.339, 152.014, 411.511, 546.516, 88.766, 92.7445, 514.67, 1420.77, 393.971, 224.436,
     1049.12, 1609.47, 276.718, 235.488, 354.211, 1029.26, 646.001, 662.453, 387.103, 100.233],
    [220.098, 546.684, 109.729, 232.935, 98.556, 0, 258.816, 224.838, 556.632, 151.847, 259.434, 380.405, 69.6332,
     625.63, 59.3804, 865.477, 152.924, 228.147, 366.035, 94.896, 478.969, 238.742, 135.033, 340.815, 352.63, 471.545,
     77.0269, 439.722, 499.306, 183.096, 442.131, 483.888, 177.609, 157.378, 487.662, 1490.61, 330.604, 137.619,
     1069.09, 1587.47, 184.417, 267.406, 269.338, 1115.24, 615.398, 599.135, 309.702, 81.5667],
    [235.223, 371, 358.294, 204.269, 282.898, 258.816, 0, 477.058, 358.908, 227.767, 450.495, 192.493, 283.8, 417.757,
     207.714, 609.105, 410.179, 462.155, 240.748, 164.721, 319.441, 183.669, 239.135, 363.295, 102.666, 357.942,
     330.049, 272.187, 283.648, 427.158, 245.832, 295.237, 363.208, 375.519, 232.538, 1339.52, 167.533, 199.004,
     826.814, 1331.26, 233.565, 513.237, 226.395, 1035.86, 363.349, 406.137, 212.143, 336.845],
    [419.17, 764.291, 118.766, 442.422, 207.677, 224.838, 477.058, 0, 778.175, 292.433, 169.727, 603.675, 241.104,
     848.051, 283.75, 1086.15, 77.1731, 70.1872, 580.619, 318.004, 695.051, 453.363, 331.52, 401.123, 562.396, 594.454,
     178.15, 658.688, 723.513, 57.4216, 617.672, 705.163, 174.462, 128.472, 708.94, 1584.22, 552.972, 350.479, 1255.88,
     1808.31, 382.456, 50.8735, 475.49, 1157.51, 838.227, 819.289, 523.451, 143.275],
    [375.54, 55.2528, 666.349, 342.995, 617.634, 556.632, 358.908, 778.175, 0, 580.933, 794.118, 177.965, 540.824,
     71.5184, 497.378, 422.396, 702.07, 783.835, 207.37, 472.067, 104.557, 327.615, 453.927, 718.389, 356.346, 658.922,
     603.06, 123.142, 82.4653, 739.723, 498.874, 73.0371, 704.979, 704.875, 226.739, 1503.81, 226.074, 428.679, 815.225,
     1097.27, 408.088, 823.318, 317.494, 1299.22, 216.883, 47.4522, 261.852, 636.836],
    [322.544, 585.454, 186.352, 318.061, 87.2309, 151.847, 227.767, 292.433, 580.933, 0, 225.216, 405.807, 219.835,
     643.077, 161.144, 819.565, 247.666, 256.403, 424.342, 144.053, 525.429, 312.501, 257.2, 195.057, 288.098, 324.775,
     219.141, 480.077, 509.333, 235.593, 325.3, 512.886, 142.051, 169.047, 452.16, 1341.72, 366.084, 237.832, 963.447,
     1537.97, 294.317, 315.528, 354.706, 964.006, 583.831, 627.377, 375.656, 184.014],
    [479.511, 792.028, 172.695, 490.312, 177.363, 259.434, 450.495, 169.727, 794.118, 225.216, 0, 616.356, 312.754,
     859.357, 311.314, 1043.38, 196.305, 99.687, 617.795, 325.161, 727.297, 493.248, 393.782, 253.328, 512.463, 462.869,
     263.648, 684.726, 727.038, 133.461, 523.055, 723.403, 89.1432, 104.561, 677.349, 1425.01, 571.204, 395.74, 1154.12,
     1759.57, 443.806, 153.019, 527.314, 989.359, 809.038, 839.268, 563.239, 203.629],
    [221.534, 180.213, 490.074, 183.74, 439.704, 380.405, 192.493, 603.675, 177.965, 405.807, 616.356, 0, 370.336,
     245.46, 321.026, 527.797, 528.429, 606.682, 88.7439, 294.243, 127.469, 163.504, 287.943, 555.711, 224.58, 530.365,
     431.228, 80.2223, 121.616, 563.371, 387.02, 107.346, 527.213, 527.024, 189.181, 1457.06, 52.104, 257.898, 846.929,
     1236.91, 248.064, 647.713, 169.999, 1198.06, 277.15, 222.95, 114.787, 461.295],
    [178.677, 524.243, 144.987, 201.516, 166.238, 69.6332, 283.8, 241.104, 540.824, 219.835, 312.754, 370.336, 0,
     611.546, 80.6242, 877.123, 163.938, 263.095, 340.095, 125.318, 454.624, 213.699, 90.4856, 410.377, 384.074, 534.36,
     63.0356, 419.686, 491.792, 213.233, 491.468, 467.855, 237.871, 208.205, 501.307, 1553.58, 318.498, 112.555,
     1107.55, 1596.85, 141.778, 289.464, 234.415, 1183.82, 624.055, 580.525, 282.946, 112.126],
    [447.056, 109.745, 735.347, 414.37, 683.689, 625.63, 417.757, 848.051, 71.5184, 643.077, 859.357, 245.46, 611.546,
     0, 566.278, 370.539, 772.202, 852.139, 278.843, 539.438, 172.926, 398.679, 525.086, 771.687, 402.33, 696.475,
     673.585, 194.661, 134.11, 808.686, 532.624, 143.84, 770.315, 772.052, 252.684, 1500.06, 295.183, 499.219, 785.33,
     1029.6, 479.522, 892.728, 389.007, 1319.61, 202.054, 49.5597, 333.339, 706.228],
    [172, 488.156, 169.07, 179.095, 138.704, 59.3804, 207.714, 283.75, 497.378, 161.144, 311.314, 321.026, 80.6242,
     566.278, 0, 810.113, 210.48, 286.85, 308.73, 44.9507, 420.903, 182.403, 96.674, 356.201, 305.891, 460.552, 122.59,
     381.012, 440.014, 242.412, 411.066, 424.694, 225.481, 212.45, 432.51, 1478.66, 271.318, 85.7322, 1028.03, 1531.66,
     139.062, 326.767, 216.257, 1119.73, 558.897, 540.072, 253.008, 140.637],
    [748.657, 474.528, 967.383, 710.06, 888.473, 865.477, 609.105, 1086.15, 422.396, 819.565, 1043.38, 527.797, 877.123,
     370.539, 810.113, 0, 1018.13, 1068.81, 599.991, 770.588, 522.846, 688.252, 805.892, 871.64, 531.487, 711.149,
     931.676, 522.672, 417.357, 1035.91, 560.813, 471.354, 961.44, 981.003, 377.815, 1244.6, 577.078, 770.23, 456.675,
     722.197, 772.398, 1121.8, 697.635, 1183.47, 253.852, 419.873, 641.407, 945.193],
    [342.056, 687.454, 61.3229, 365.318, 160.512, 152.924, 410.179, 77.1731, 702.07, 247.666, 196.305, 528.429, 163.938,
     772.202, 210.48, 1018.13, 0, 113.899, 503.629, 247.648, 618.101, 376.534, 254.347, 389.016, 500.159, 565.65,
     100.978, 582.107, 648.824, 65.0039, 569.983, 629.036, 162.588, 112.422, 640.348, 1571.38, 477.385, 273.825,
     1205.84, 1740.21, 305.313, 126.323, 398.317, 1161.47, 768.321, 742.817, 446.457, 73.5076],
    [440.47, 774.823, 120.04, 458.577, 180.344, 228.147, 462.155, 70.1872, 783.835, 256.403, 99.687, 606.682, 263.095,
     852.139, 286.85, 1068.81, 113.899, 0, 593.803, 313.405, 707.056, 466.184, 351.963, 339.21, 539.167, 539.672,
     203.953, 667.803, 723.645, 50.918, 577.275, 711.33, 121.591, 88.2241, 694.46, 1519.39, 557.8, 363.678, 1214.8,
     1789.77, 403.576, 62.4806, 493.839, 1088.47, 825.504, 826.86, 537.159, 152.284],
    [168.73, 184.39, 474.114, 138.81, 441.014, 366.035, 240.748, 580.619, 207.37, 424.342, 617.795, 88.7439, 340.095,
     278.843, 308.73, 599.991, 503.629, 593.803, 0, 293.477, 114.532, 127.749, 250.757, 593.461, 297.734, 595.183,
     403.072, 84.4838, 182.828, 546.938, 462.07, 137.535, 529.769, 521.09, 277.408, 1541.6, 75.5263, 230.789, 934.466,
     1297.94, 202.567, 627.789, 110.356, 1269.57, 355.38, 242.731, 57.1717, 442.885],
    [178.511, 467.239, 200.272, 175.591, 147.868, 94.896, 164.721, 318.004, 472.067, 144.053, 325.161, 294.243, 125.318,
     539.438, 44.9507, 770.588, 247.648, 313.405, 293.477, 0, 402.135, 172.896, 120.79, 336.032, 261.482, 423.709,
     165.601, 359.838, 410.245, 272.438, 367.271, 400.24, 236.595, 232.808, 392.775, 1439.85, 247.005, 94.8729, 983.114,
     1492.61, 151.392, 358.231, 212.768, 1089.1, 520.79, 516.184, 240.442, 175.254],
    [281.849, 70.3255, 587.664, 253.3, 549.973, 478.969, 319.441, 695.051, 104.557, 525.429, 727.297, 127.469, 454.624,
     172.926, 420.903, 522.846, 618.101, 707.056, 114.532, 402.135, 0, 241.822, 365.222, 682.171, 346.887, 654.488,
     517.593, 47.2902, 122.774, 660.691, 505.211, 59.4273, 638.626, 632.619, 264.188, 1553.15, 159.382, 344.907,
     896.862, 1201.61, 316.542, 742.031, 223.363, 1316.05, 298.657, 131.366, 171.682, 556.722],
    [62.9487, 310.931, 346.41, 23.9524, 317.871, 238.742, 183.669, 453.363, 327.615, 312.501, 493.248, 163.504, 213.699,
     398.679, 182.403, 688.252, 376.534, 466.184, 127.749, 172.896, 241.822, 0, 126.474, 495.093, 274.573, 535.029,
     276.409, 205.995, 284.229, 419.191, 429.105, 254.839, 406.231, 394.765, 327.781, 1522.79, 111.997, 103.093,
     976.202, 1400.22, 84.6422, 500.209, 45.5416, 1213.35, 435.189, 366.833, 70.9892, 315.136],
    [88.5534, 435.136, 232.46, 111.951, 230.167, 135.033, 239.135, 331.52, 453.927, 257.2, 393.782, 287.943, 90.4856,
     525.086, 96.674, 805.892, 254.347, 351.963, 250.757, 120.79, 365.222, 126.474, 0, 452.104, 341.707, 542.655,
     153.371, 331.767, 409.426, 302.738, 472.057, 381.251, 312.579, 290.373, 435.399, 1555.61, 235.853, 40.1841, 1064.3,
     1522.03, 51.6237, 379.943, 143.972, 1209.89, 552.04, 492.429, 193.794, 199.796],
    [513.481, 733.991, 334.015, 504.29, 250.956, 340.815, 363.295, 401.123, 718.389, 195.057, 253.328, 555.711, 410.377,
     771.687, 356.201, 871.64, 389.016, 339.21, 593.461, 336.032, 682.171, 495.093, 452.104, 0, 373.836, 214.349,
     396.718, 635.042, 639.236, 347.737, 314.518, 657.789, 229.073, 279.163, 543.172, 1184.14, 526.001, 430.85, 917.559,
     1567.66, 487.408, 400.153, 539.468, 778.512, 666.985, 765.841, 551.348, 346.875],
    [331.426, 382.887, 444.637, 297.149, 359.166, 352.63, 102.666, 562.396, 356.346, 288.098, 512.463, 224.58, 384.074,
     402.33, 305.891, 531.487, 500.159, 539.167, 297.734, 261.482, 346.887, 274.573, 341.707, 373.836, 0, 307.777,
     426.723, 301.46, 274.253, 509.437, 164.338, 306.844, 429.957, 451.007, 171.163, 1251.99, 222.868, 301.546, 724.542,
     1250.89, 333.661, 594.333, 313.057, 973.837, 300.26, 403.084, 285.541, 426.746],
    [575.251, 689.441, 505.228, 552.21, 407.937, 471.545, 357.942, 594.454, 658.922, 324.775, 462.869, 530.365, 534.36,
     696.475, 460.552, 711.149, 565.65, 539.672, 595.183, 423.709, 654.488, 535.029, 542.655, 214.349, 307.777, 0,
     543.156, 608.659, 576.508, 537.842, 166.163, 614.02, 420.507, 466.441, 445.387, 1019.3, 519.892, 509.521, 705.352,
     1380.28, 560.893, 602.038, 579.924, 678.547, 547.043, 704.376, 570.085, 507.659],
    [241.169, 587.143, 91.0932, 264.545, 145.773, 77.0269, 330.049, 178.15, 603.06, 219.141, 263.648, 431.228, 63.0356,
     673.585, 122.59, 931.676, 100.978, 203.953, 403.072, 165.601, 517.593, 276.409, 153.371, 396.718, 426.723, 543.156,
     0, 482.314, 552.372, 153.304, 519.089, 530.044, 198.583, 160.437, 554.44, 1560.86, 379.659, 174.385, 1145.52,
     1652.68, 204.378, 226.859, 297.343, 1175.01, 679.611, 643.138, 345.911, 60.5839],
    [252.403, 107.427, 549.058, 220.319, 507.378, 439.722, 272.187, 658.688, 123.142, 480.077, 684.726, 80.2223,
     419.686, 194.661, 381.012, 522.672, 582.107, 667.803, 84.4838, 359.838, 47.2902, 205.995, 331.767, 635.042, 301.46,
     608.659, 482.314, 0, 107.306, 622.334, 461.39, 53.5368, 595.815, 591.595, 232.299, 1518.04, 114.265, 308.282,
     877.993, 1214.82, 285.191, 704.795, 194.369, 1272.69, 285.841, 160.839, 138.838, 518.712],
    [339.895, 119.843, 608.619, 303.357, 552.339, 499.306, 283.648, 723.513, 82.4653, 509.333, 727.038, 121.616,
     491.792, 134.11, 440.014, 417.357, 648.824, 723.645, 182.828, 410.245, 122.774, 284.229, 409.426, 639.236, 274.253,
     576.508, 552.372, 107.306, 0, 681.672, 417.019, 63.3699, 638.164, 641.885, 150.427, 1437.3, 173.698, 379.44,
     774.637, 1118.28, 368.381, 766.664, 285.052, 1220.11, 178.897, 128.836, 227.872, 580.63],
    [391.291, 728.995, 73.3761, 410.637, 152.014, 183.096, 427.158, 57.4216, 739.723, 235.593, 133.461, 563.371,
     213.233, 808.686, 242.412, 1035.91, 65.0039, 50.918, 546.938, 272.438, 660.691, 419.191, 302.738, 347.737, 509.437,
     537.842, 153.304, 622.334, 681.672, 0, 560.654, 666.955, 119.167, 71.4241, 659.634, 1531.78, 513.7, 316.268,
     1198.93, 1757.79, 354.354, 86.1907, 445.418, 1111.33, 789.841, 782.09, 490.05, 104.079],
    [480.599, 533.244, 509.256, 450.07, 411.511, 442.131, 245.832, 617.672, 498.874, 325.3, 523.055, 387.02, 491.468,
     532.624, 411.066, 560.813, 569.983, 577.275, 462.07, 367.271, 505.211, 429.105, 472.057, 314.518, 164.338, 166.163,
     519.089, 461.39, 417.019, 560.654, 0, 459.743, 456.699, 492.354, 280.415, 1093.73, 387.153, 433.599, 638.303,
     1253.5, 475.811, 638.303, 470.639, 811.367, 381.553, 543.236, 448.066, 500.922],
    [304.148, 76.7949, 593.58, 270.733, 546.516, 483.888, 295.237, 705.163, 73.0371, 512.886, 723.403, 107.346, 467.855,
     143.84, 424.694, 471.354, 629.036, 711.33, 137.535, 400.24, 59.4273, 254.839, 381.251, 657.789, 306.844, 614.02,
     530.044, 53.5368, 63.3699, 666.955, 459.743, 0, 634.271, 632.985, 207.436, 1496.56, 153.568, 355.66, 837.804,
     1161.29, 336.001, 750.401, 246.58, 1268.31, 240.575, 115.965, 190.201, 563.941],
    [396.05, 703.067, 115.331, 404.452, 88.766, 177.609, 363.208, 174.462, 704.979, 142.051, 89.1432, 527.213, 237.871,
     770.315, 225.481, 961.44, 162.588, 121.591, 529.769, 236.595, 638.626, 406.231, 312.579, 229.073, 429.957, 420.507,
     198.583, 595.815, 638.164, 119.167, 456.699, 634.271, 0, 50.4985, 592.074, 1413.2, 482.175, 310.862, 1093.61,
     1680.01, 361.189, 183.812, 441.696, 998.891, 723.812, 750.128, 475.723, 138.938],
    [377.07, 698.998, 71.0049, 390.08, 92.7445, 157.378, 375.519, 128.472, 704.875, 169.047, 104.561, 527.024, 208.205,
     772.052, 212.45, 981.003, 112.422, 88.2241, 521.09, 232.808, 632.619, 394.765, 290.373, 279.163, 451.007, 466.441,
     160.437, 591.595, 641.885, 71.4241, 492.354, 632.985, 50.4985, 0, 607.411, 1463.15, 479.587, 294.872, 1130.56,
     1701.72, 340.944, 146.506, 426.652, 1049.14, 738.713, 748.898, 465.454, 99.9252],
    [390.639, 270.107, 590.217, 351.313, 514.67, 487.662, 232.538, 708.94, 226.739, 452.16, 677.349, 189.181, 501.307,
     252.684, 432.51, 377.815, 640.348, 694.46, 277.408, 392.775, 264.188, 327.781, 435.399, 543.172, 171.163, 445.387,
     554.44, 232.299, 150.427, 659.634, 280.415, 207.436, 592.074, 607.411, 0, 1289.2, 225.864, 397.773, 657.968,
     1099.87, 408.234, 745.745, 348.617, 1072.66, 131.743, 267.675, 298.856, 567.508],
    [1573.67, 1554.05, 1513.68, 1543.78, 1420.77, 1490.61, 1339.52, 1584.22, 1503.81, 1341.72, 1425.01, 1457.06,
     1553.58, 1500.06, 1478.66, 1244.6, 1571.38, 1519.39, 1541.6, 1439.85, 1553.15, 1522.79, 1555.61, 1184.14, 1251.99,
     1019.3, 1560.86, 1518.04, 1437.3, 1531.78, 1093.73, 1496.56, 1413.2, 1463.15, 1289.2, 0, 1470.23, 1519.63, 813.37,
     1475.71, 1566.31, 1577.65, 1563.79, 510.707, 1298.02, 1534.31, 1537, 1520.93],
    [171.592, 221.017, 440.332, 133.065, 393.971, 330.604, 167.533, 552.972, 226.074, 366.084, 571.204, 52.104, 318.498,
     295.183, 271.318, 577.078, 477.385, 557.8, 75.5263, 247.005, 159.382, 111.997, 235.853, 526.001, 222.868, 519.892,
     379.659, 114.265, 173.698, 513.7, 387.153, 153.568, 482.175, 479.587, 225.864, 1470.23, 0, 205.988, 882.526,
     1288.24, 196.639, 597.555, 123.584, 1194.05, 324.827, 269.353, 73.6102, 411.051],
    [86.6271, 413.874, 243.722, 95.3407, 224.436, 137.619, 199.004, 350.479, 428.679, 237.832, 395.74, 257.898, 112.555,
     499.219, 85.7322, 770.23, 273.825, 363.678, 230.789, 94.8729, 344.907, 103.093, 40.1841, 430.85, 301.546, 509.521,
     174.385, 308.282, 379.44, 316.268, 433.599, 355.66, 310.862, 294.872, 397.773, 1519.63, 205.988, 0, 1024.19,
     1487.96, 56.5738, 397.129, 131.79, 1180.33, 516.481, 469.015, 173.803, 212.189],
    [1038.58, 870.433, 1145.8, 1000.15, 1049.12, 1069.09, 826.814, 1255.88, 815.225, 963.447, 1154.12, 846.929, 1107.55,
     785.33, 1028.03, 456.675, 1205.84, 1214.8, 934.466, 983.114, 896.862, 976.202, 1064.3, 917.559, 724.542, 705.352,
     1145.52, 877.993, 774.637, 1198.93, 638.303, 837.804, 1093.61, 1130.56, 657.968, 813.37, 882.526, 1024.19, 0,
     770.993, 1049.21, 1276.21, 1003.07, 881.063, 599.743, 830.067, 956.028, 1134.95],
    [1457.88, 1138.7, 1689.55, 1420.61, 1609.47, 1587.47, 1331.26, 1808.31, 1097.27, 1537.97, 1759.57, 1236.91, 1596.85,
     1029.6, 1531.66, 722.197, 1740.21, 1789.77, 1297.94, 1492.61, 1201.61, 1400.22, 1522.03, 1567.66, 1250.89, 1380.28,
     1652.68, 1214.82, 1118.28, 1757.79, 1253.5, 1161.29, 1680.01, 1701.72, 1099.87, 1475.71, 1288.24, 1487.96, 770.993,
     0, 1484.86, 1843.54, 1403.29, 1648.31, 973.078, 1075.74, 1346.08, 1667.35],
    [36.9431, 386.736, 284.005, 65.4025, 276.718, 184.417, 233.565, 382.456, 408.088, 294.317, 443.806, 248.064,
     141.778, 479.522, 139.062, 772.398, 305.313, 403.576, 202.567, 151.392, 316.542, 84.6422, 51.6237, 487.408,
     333.661, 560.893, 204.378, 285.191, 368.381, 354.354, 475.811, 336.001, 361.189, 340.944, 408.234, 1566.31,
     196.639, 56.5738, 1049.21, 1484.86, 0, 431.174, 93.6564, 1234.11, 519.02, 445.166, 146.375, 251.381],
    [468.006, 810.919, 158.168, 490.127, 235.488, 267.406, 513.237, 50.8735, 823.318, 315.528, 153.019, 647.713,
     289.464, 892.728, 326.767, 1121.8, 126.323, 62.4806, 627.789, 358.231, 742.031, 500.209, 379.943, 400.153, 594.333,
     602.038, 226.859, 704.795, 766.664, 86.1907, 638.303, 750.401, 183.812, 146.506, 745.745, 1577.65, 597.555,
     397.129, 1276.21, 1843.54, 431.174, 0, 523.786, 1140.85, 876.019, 865.077, 570.676, 186.505],
    [58.5125, 293.661, 373.825, 37.4176, 354.211, 269.338, 226.395, 475.49, 317.494, 354.706, 527.314, 169.999, 234.415,
     389.007, 216.257, 697.635, 398.317, 493.839, 110.356, 212.768, 223.363, 45.5416, 143.972, 539.468, 313.057,
     579.924, 297.343, 194.369, 285.052, 445.418, 470.639, 246.58, 441.696, 426.652, 348.617, 1563.79, 123.584, 131.79,
     1003.07, 1403.29, 93.6564, 523.786, 0, 1258.37, 446.989, 352.946, 57.2333, 341.649],
    [1251.32, 1339.21, 1110.21, 1230.02, 1029.26, 1115.24, 1035.86, 1157.51, 1299.22, 964.006, 989.359, 1198.06,
     1183.82, 1319.61, 1119.73, 1183.47, 1161.47, 1088.47, 1269.57, 1089.1, 1316.05, 1213.35, 1209.89, 778.512, 973.837,
     678.547, 1175.01, 1272.69, 1220.11, 1111.33, 811.367, 1268.31, 998.891, 1049.14, 1072.66, 510.707, 1194.05,
     1180.33, 881.063, 1648.31, 1234.11, 1140.85, 1258.37, 0, 1132.14, 1340.01, 1247.79, 1125.07],
    [496.268, 271.711, 719.689, 457.373, 646.001, 615.398, 363.349, 838.227, 216.883, 583.831, 809.038, 277.15, 624.055,
     202.054, 558.897, 253.852, 768.321, 825.504, 355.38, 520.79, 298.657, 435.189, 552.04, 666.985, 300.26, 547.043,
     679.611, 285.841, 178.897, 789.841, 381.553, 240.575, 723.812, 738.713, 131.743, 1298.02, 324.827, 516.481,
     599.743, 973.078, 519.02, 876.019, 446.989, 1132.14, 0, 238.918, 391.823, 696.006],
    [411.412, 63.3277, 708.733, 380.726, 662.453, 599.135, 406.137, 819.289, 47.4522, 627.377, 839.268, 222.95, 580.525,
     49.5597, 540.072, 419.873, 742.817, 826.86, 242.731, 516.184, 131.366, 366.833, 492.429, 765.841, 403.084, 704.376,
     643.138, 160.839, 128.836, 782.09, 543.236, 115.965, 750.128, 748.898, 267.675, 1534.31, 269.353, 469.015, 830.067,
     1075.74, 445.166, 865.077, 352.946, 1340.01, 238.918, 0, 298.921, 678.767],
    [113.961, 241.387, 417.35, 81.8779, 387.103, 309.702, 212.143, 523.451, 261.852, 375.656, 563.239, 114.787, 282.946,
     333.339, 253.008, 641.407, 446.457, 537.159, 57.1717, 240.442, 171.682, 70.9892, 193.794, 551.348, 285.541,
     570.085, 345.911, 138.838, 227.872, 490.05, 448.066, 190.201, 475.723, 465.454, 298.856, 1537, 73.6102, 173.803,
     956.028, 1346.08, 146.375, 570.676, 57.2333, 1247.79, 391.823, 298.921, 0, 385.976],
    [288.244, 625.185, 32.8716, 306.645, 100.233, 81.5667, 336.845, 143.275, 636.836, 184.014, 203.629, 461.295,
     112.126, 706.228, 140.637, 945.193, 73.5076, 152.284, 442.885, 175.254, 556.722, 315.136, 199.796, 346.875,
     426.746, 507.659, 60.5839, 518.712, 580.63, 104.079, 500.922, 563.941, 138.938, 99.9252, 567.508, 1520.93, 411.051,
     212.189, 1134.95, 1667.35, 251.381, 186.505, 341.649, 1125.07, 696.006, 678.767, 385.976, 0]]
}